727
287
48
155
731
816
175
40
64
98
676
32
710
960
205
875
90
26
376
900
733
477
3
974
306
512
707
992
183
79
210
546
755
985
537
754
593
14
800
479
19
430
840
72
362
98
980
257
539
141
167
636
598
115
135
439
993
607
844
766
612
368
486
442
727
813
954
997
883
782
715
20
784
188
987
738
41
307
533
760
192
945
694
887
327
581
293
602
785
109
659
62
659
842
150
423
124
18
85
734
227
216
764
708
799
321
878
418
419
661
700
537
174
627
817
184
857
546
410
197
955
82
292
728
41
533
169
566
3
499
127
199
586
315
96
943
893
429
98
756
688
827
156
581
56
262
850
942
950
608
128
771
658
276
60
207
413
779
180
420
869
4
414
356
326
385
474
17
198
761
615
677
620
198
274
929
637
101
437
559
404
192
845
539
271
407
238
455
608
89
541
147
485
69
921
40
315
991
429
854
95
277
291
773
5
512
415
699
238
445
855
692
707
132
823
927
490
261
695
157
983
755
980
86
552
580
637
711
682
235
1
983
871
1000
319
41
771
961
285
746
438
588
475
900
566
516
194
324
710
425
494
76
36
227
324
343
416
467
703
716
43
120
255
788
821
984
456
550
631
636
205
692
535
204
457
903
83
515
854
845
569
884
267
651
992
591
102
867
200
16
78
331
200
397
724
227
730
658
58
775
995
850
385
282
241
464
10
349
295
352
57
942
312
960
347
520
356
553
668
33
715
465
186
41
417
760
739
720
289
163
715
48
639
192
871
934
708
213
296
8
972
929
738
224
653
563
37
18
691
292
259
545
347
221
165
825
253
109
324
451
107
201
904
687
809
417
442
709
38
911
803
608
178
992
130
840
325
450
52
521
163
39
897
912
400
195
84
660
898
869
311
556
248
169
397
86
331
475
645
624
23
406
119
51
575
328
265
58
81
595
690
300
313
796
351
655
671
291
248
528
675
626
471
536
496
692
66
776
443
318
383
169
83
371
71
568
687
513
354
394
640
2
86
743
469
694
332
459
700
878
465
899
714
593
440
172
955
760
128
758
264
725
61
706
964
737
506
165
279
835
763
266
886
151
391
446
495
991
21
359
507
962
200
60
604
551
832
254
156
579
140
686
184
51
21
312
9
639
271
399
486
991
104
2
558
62
169
218
963
451
127
107
338
778
818
544
53
591
861
225
446
23
62
161
735
626
707
330
579
784
904
281
222
65
369
379
647
833
844
893
382
739
366
923
845
549
847
877
265
358
833
756
919
457
272
981
215
440
920
169
770
295
821
452
386
439
744
893
790
418
573
823
442
562
767
252
178
943
831
841
302
349
890
618
467
221
984
886
666
538
11
241
454
872
157
74
615
163
928
630
426
854
323
680
229
601
481
41
768
69
531
680
784
552
307
512
243
6
589
867
777
289
952
277
701
859
494
219
795
983
729
198
428
815
202
799
709
135
395
168
764
944
239
687
584
857
211
746
789
806
640
505
573
896
636
955
491
189
155
19
43
720
601
899
131
245
75
812
324
817
377
793
187
503
235
993
348
888
209
392
833
633
32
948
35
574
307
868
970
124
472
725
408
568
462
216
72
635
168
939
609
710
822
471
646
921
190
97
921
339
211
136
676
459
881
356
959
507
904
484
55
924
685
982
679
960
161
665
632
715
10
168
152
381
14
670
301
323
17
516
983
503
225
176
930
522
545
753
344
251
701
67
804
939
928
270
800
6
885
282
829
485
397
115
495
106
85
563
508
42
976
836
394
57
609
343
164
474
119
451
761
321
294
659
605
498
51
638
260
357
727
856
379
744
882
855
43
720
738
272
703
442
870
117
478
924
64
5
784
662
428
733
586
830
114
940
617
627
48
23
550
697
308
736
21
773
994
660
806
546
810
454
337
403
633
646
199
999
822
592
259
760
693
768
823
720
348
617
981
738
911
978
135
143
784
994
796
93
447
137
470
317
972
408
607
727
252
876
838
926
552
496
779
443
137
911
611
195
374
801
500
368
64
15
715
258
598
994
739
800
275
477
813
91
355
771
495
431
424
58
191
119
71
66
615
310
609
849
202
314
425
308
944
976
302
300
280
652
779
87
4
680
743
271
31
412
584
83
427
739
925
442
574
711
169
412
742
867
415
586
87
950
160
589
415
962
558
315
223
819
625
131
467
333
84
623
925
551
963
591
811
519
746
136
943
670
439
599
689
120
40
295
896
983
183
253
16
313
54
824
179
163
828
856
997
362
94
143
898
370
849
312
594
894
245
914
370
656
935
131
